decil,pct_base,cum_pct_eventos,cum_pct_censurados,ks_decil
1,10%,0.4258,0.0536,0.3722
2,20%,0.6354,0.1379,0.4974
3,30%,0.7767,0.232,0.5447
4,40%,0.8684,0.3332,0.5352
5,50%,0.9209,0.44,0.4808
6,60%,0.9558,0.5493,0.4065
7,70%,0.9683,0.6617,0.3066
8,80%,0.9831,0.7739,0.2092
9,90%,0.9945,0.8865,0.1081
10,100%,1.0,1.0,0.0
